err_1 =
err_2 =
err_3 = -0.00445660628
err_4 = -0.001394237283
err_5 = -0.001326331
err_6 = -0.1133461273
w_13 = -2.866301812
w_14 = 1.972115254
w_15 = 3.94694676
w_23 = 1.908678744
w_24 = -2.958172882
w_25 = 0.493368345
w_36 = -0.628673536
w_46 = -0.093422891
w_56 = 0.374132917
